G+2wind_opening									
pushover analysis									
8799	0	1	1	0					
8799	8799	1	0	0					
76	9	1	1	0					
0.2	0.1	0.1	2	1					
0.4	0	1.7	2	13	20		! BRICK_plinth		
1.7	0	2.7	1	10	10				
2.7	0	4	2	13	20			!opening_by1	
2.9	2	4	2.7	11	7				
1.5	2.1	2.9	2.7	14	6				
0.4	2	1.5	2.7	11	7				
4.4	0	5.7	2	13	20		! BRICK_plinth		
5.7	0	6.7	1	10	10				
6.7	0	8	2	13	20			!opening_by2	
6.9	2	8	2.7	11	7				
5.5	2.1	6.9	2.7	14	6				
4.4	2	5.5	2.7	11	7				
8.4	0	9.7	2	13	20		! BRICK_plinth		
9.7	0	10.7	1	10	10				
10.7	0	12	2	13	20			!opening_by3	
10.9	2	12	2.7	11	7				
9.5	2.1	10.9	2.7	14	6				
8.4	2	9.5	2.7	11	7				
0.4	3	1.7	5	13	20		! BRICK _1		
1.7	3	2.7	4	10	10				
2.7	3	4	5	13	20			!opening_by1	
2.9	5	4	5.7	11	7				
1.5	5.1	2.9	5.7	14	6				
0.4	5	1.5	5.7	11	7				
4.4	3	5.7	5	13	20		! BRICK _1		
5.7	3	6.7	4	10	10				
6.7	3	8	5	13	20			!opening_by2	
6.9	5	8	5.7	11	7				
5.5	5.1	6.9	5.7	14	6				
4.4	5	5.5	5.7	11	7				
8.4	3	9.7	5	13	20		! BRICK _1		
9.7	3	10.7	4	10	10				
10.7	3	12	5	13	20			!opening_by3	
10.9	5	12	5.7	11	7				
9.5	5.1	10.9	5.7	14	6				
8.4	5	9.5	5.7	11	7				
0.4	6	1.7	8	13	20				
1.7	6	2.7	7	10	10				
2.7	6	4	8	13	20				
2.9	8	4	8.7	11	7				
1.5	8.1	2.9	8.7	14	6				
0.4	8	1.5	8.7	11	7				
4.4	6	5.7	8	13	20				
5.7	6	6.7	7	10	10				
6.7	6	8	8	13	20				
6.9	8	8	8.7	11	7				
5.5	8.1	6.9	8.7	14	6				
4.4	8	5.5	8.7	11	7				
8.4	6	9.7	8	13	20				
9.7	6	10.7	7	10	10				
10.7	6	12	8	13	20				
10.9	8	12	8.7	11	7				
9.5	8.1	10.9	8.7	14	6				
8.4	8	9.5	8.7	11	7				
0	0	0.4	6	4	60		!column_plinth		
4	0	4.4	3	4	30		!column_plinth		
8	0	8.4	3	4	30		!column_plinth		
12	0	12.4	3	4	30		!column_plinth		
4	3	4.4	6	4	30		!column_1		
8	3	8.4	6	4	30		!column_1		
12	3	12.4	6	4	30		!column_1		
0	6	0.4	9	4	30		!column_2		
4	6	4.4	9	4	30		!column_2		
8	6	8.4	9	4	30		!column_2		
12	6	12.4	9	4	30		!column_2		
0.4	2.7	4	3	36	3		! BEAM_1		
4.4	2.7	8	3	36	3		! BEAM_1		
8.4	2.7	12	3	36	3		! BEAM_1		
0.4	5.7	4	6	36	3		! BEAM_2		
4.4	5.7	8	6	36	3		! BEAM_2		
8.4	5.7	12	6	36	3		! BEAM_2		
0.4	8.7	4	9	36	3		! BEAM_3		
4.4	8.7	8	9	36	3		! BEAM_3		
8.4	8.7	12	9	36	3		! BEAM_3		
1.5	2	2.9	2.1	14	1		!lintel	
5.5	2	6.9	2.1	14	1		!lintel		
2.50E+07	0	2500	25000	9	2.5	0	0.4		
2.50E+07	0	2500	25000	9	876.25	0	0.4		!top end column 
2.50E+07	0	2500	25000	9	1751.25	0	0.4		!topmiddle col
2.50E+07	0	2500	25000	9	2651.25	0	0.4		!bottom end col 
2.50E+07	0	2500	25000	9	2801.25	0	0.4		!bottom middle col
2.50E+07	0	2500	25000	9	12.2	0	0.3		
2.50E+07	0	2500	25000	9	13.1	0	0.3		
1.94E+07	0	1500	15000	9	2.5	0	0.23		
16700000	0	5000	3500	0.75	250	9	1.9	0	0.23
54									
1	260	13	20	1					
261	360	10	10	1					
361	620	13	20	1					
621	697	11	7	1					
698	781	14	6	1					
782	858	11	7	1					
859	1118	13	20	1					
1119	1218	10	10	1					
1219	1478	13	20	1					
1479	1555	11	7	1					
1556	1639	14	6	1					
1640	1716	11	7	1					
1717	1976	13	20	1					
1977	2076	10	10	1					
2077	2336	13	20	1					
2337	2413	11	7	1					
2414	2497	14	6	1					
2498	2574	11	7	1					
2575	2834	13	20	1					
2835	2934	10	10	1					
2935	3194	13	20	1					
3195	3271	11	7	1					
3272	3355	14	6	1					
3356	3432	11	7	1					
3433	3692	13	20	1					
3693	3792	10	10	1					
3793	4052	13	20	1					
4053	4129	11	7	1					
4130	4213	14	6	1					
4214	4290	11	7	1					
4291	4550	13	20	1					
4551	4650	10	10	1					
4651	4910	13	20	1					
4911	4987	11	7	1					
4988	5071	14	6	1					
5072	5148	11	7	1					
5149	5408	13	20	1					
5409	5508	10	10	1					
5509	5768	13	20	1					
5769	5845	11	7	1					
5846	5929	14	6	1					
5930	6006	11	7	1					
6007	6266	13	20	1					
6267	6366	10	10	1					
6367	6626	13	20	1					
6627	6703	11	7	1					
6704	6787	14	6	1					
6788	6864	11	7	1					
6865	7124	13	20	1					
7125	7224	10	10	1					
7225	7484	13	20	1					
7485	7561	11	7	1					
7562	7645	14	6	1					
7646	7722	11	7	1					
100									
1	360	1	9		!brick										
361	620	1	9						
621	697	1	9						
698	781	1	9						
782	858	1	9						
859	1118	1	9						
1119	1218	1	9						
1219	1478	1	9						
1479	1555	1	9						
1556	1639	1	9						
1640	1716	1	9						
1717	1976	1	9						
1977	2076	1	9						
2077	2336	1	9						
2337	2413	1	9						
2414	2497	1	9						
2498	2574	1	9						
2575	2834	1	9						
2835	2934	1	9						
2935	3194	1	9						
3195	3271	1	9						
3272	3355	1	9						
3356	3432	1	9						
3433	3692	1	9						
3693	3792	1	9						
3793	4052	1	9						
4053	4129	1	9						
4130	4213	1	9						
4214	4290	1	9						
4291	4550	1	9						
4551	4650	1	9						
4651	4910	1	9						
4911	4987	1	9						
4988	5071	1	9						
5072	5148	1	9						
5149	5408	1	9						
5409	5508	1	9						
5509	5768	1	9						
5769	5845	1	9						
5846	5929	1	9						
5930	6006	1	9						
6007	6266	1	9						
6267	6366	1	9						
6367	6626	1	9						
6627	6703	1	9						
6704	6787	1	9						
6788	6864	1	9						
6865	7124	1	9						
7125	7224	1	9						
7225	7484	1	9						
7485	7561	1	9						
7562	7645	1	9						
7646	7722	1	9					
7723	7839	1	1		!column				
7843	7959	1	1						
7963	8079	1	1						
8083	8199	1	1						
8203	8319	1	1						
8323	8439	1	1						
8443	8559	1	1						
8563	8679	1	1						
8683	8799	1	1						
8803	8919	1	1						
8923	9039	1	1						
9043	9159	1	1						
9163	9270	1	7		!Ground flr beam				
9271	9378	1	7						
9379	9486	1	7						
9487	9594	1	7		!1st flr beam				
9595	9702	1	7						
9703	9810	1	7						
9811	9918	1	6		!2nd flr beam				
9919	10026	1	6						
10027	10134	1	6						
10135	10148	1	8
10149   10162   1   8																
7840	7841	1	4		!end G cl				
7960	7961	1	5						
8080	8081	1	5						
8200	8201	1	4		!end G cl				
8320	8321	1	4		!end 1st cl				
8440	8441	1	5						
8560	8561	1	5						
8680	8681	1	4		!end 1st cl				
8800	8801	1	2		!end 2nd cl				
8920	8921	1	3						
9040	9041	1	3						
9160	9161	1	2		!end 2nd cl				
7842	7842	1	1		!column				
7962	7962	1	1						
8082	8082	1	1						
8202	8202	1	1						
8322	8322	1	1						
8442	8442	1	1						
8562	8562	1	1						
8682	8682	1	1						
8802	8802	1	1						
8922	8922	1	1						
9042	9042	1	1						
9162	9162	1	1						
																	
466	1								
1	0.048	0	3	200000000	415000	0.000804248		! 1st col long	
1	0.149333333	0	3	200000000	415000	0.000402124			
1	0.250666667	0	3	200000000	415000	0.000402124			
1	0.352	0	3	200000000	415000	0.000804248			
1	0.048	3	6	200000000	415000	0.000804248			
1	0.2	3	6	200000000	415000	0.000402124			
1	0.352	3	6	200000000	415000	0.000402124			
1	0.048	6	9	200000000	415000	0.000603186			
1	0.2	6	9	200000000	415000	0.000402124			
1	0.352	6	9	200000000	415000	0.000603186			
1	4.048	0	3	200000000	415000	0.00100531		! 2nd col long	
1	4.124	0	3	200000000	415000	0.000402124			
1	4.2	0	3	200000000	415000	0.000226195			
1	4.276	0	3	200000000	415000	0.000402124			
1	4.352	0	3	200000000	415000	0.00100531			
1	4.048	3	6	200000000	415000	0.000804248			
1	4.149333333	3	6	200000000	415000	0.000402124			
1	4.250666667	3	6	200000000	415000	0.000402124			
1	4.352	3	6	200000000	415000	0.000804248			
1	4.048	6	9	200000000	415000	0.000804248			
1	4.149333333	6	9	200000000	415000	0.000402124			
1	4.250666667	6	9	200000000	415000	0.000402124			
1	4.352	6	9	200000000	415000	0.000804248			
1	8.048	0	3	200000000	415000	0.00100531		! 3rd col long	
1	8.124	0	3	200000000	415000	0.000402124			
1	8.2	0	3	200000000	415000	0.000226195			
1	8.276	0	3	200000000	415000	0.000402124			
1	8.352	0	3	200000000	415000	0.00100531			
1	8.048	3	6	200000000	415000	0.000804248			
1	8.149333333	3	6	200000000	415000	0.000402124			
1	8.250666667	3	6	200000000	415000	0.000402124			
1	8.352	3	6	200000000	415000	0.000804248			
1	8.048	6	9	200000000	415000	0.000804248			
1	8.149333333	6	9	200000000	415000	0.000402124			
1	8.250666667	6	9	200000000	415000	0.000402124			
1	8.352	6	9	200000000	415000	0.000804248			
1	12.048	0	3	200000000	415000	0.000804248		! 4th col long	
1	12.14933333	0	3	200000000	415000	0.000402124			
1	12.25066667	0	3	200000000	415000	0.000402124			
1	12.352	0	3	200000000	415000	0.000804248			
1	12.048	3	6	200000000	415000	0.000804248			
1	12.2	3	6	200000000	415000	0.000402124			
1	12.352	3	6	200000000	415000	0.000402124			
1	12.048	6	9	200000000	415000	0.000603186			
1	12.2	6	9	200000000	415000	0.000402124			
1	12.352	6	9	200000000	415000	0.000603186			
2	0.05	0.04	0.36	200000000	415000	0.000201062		! first col stirups	
2	0.174	0.04	0.36	200000000	415000	0.000201062			
2	0.348	0.04	0.36	200000000	415000	0.000201062			
2	0.522	0.04	0.36	200000000	415000	0.000201062			
2	0.696	0.04	0.36	200000000	415000	0.000201062			
2	0.87	0.04	0.36	200000000	415000	0.000201062			
2	1.044	0.04	0.36	200000000	415000	0.000201062			
2	1.218	0.04	0.36	200000000	415000	0.000201062			
2	1.392	0.04	0.36	200000000	415000	0.000201062			
2	1.566	0.04	0.36	200000000	415000	0.000201062			
2	1.74	0.04	0.36	200000000	415000	0.000201062			
2	1.914	0.04	0.36	200000000	415000	0.000201062			
2	2.088	0.04	0.36	200000000	415000	0.000201062			
2	2.262	0.04	0.36	200000000	415000	0.000201062			
2	2.436	0.04	0.36	200000000	415000	0.000201062			
2	2.61	0.04	0.36	200000000	415000	0.000201062			
2	2.784	0.04	0.36	200000000	415000	0.000201062			
2	3.05	0.04	0.36	200000000	415000	0.000150796			
2	3.248	0.04	0.36	200000000	415000	0.000150796			
2	3.496	0.04	0.36	200000000	415000	0.000150796			
2	3.744	0.04	0.36	200000000	415000	0.000150796			
2	3.992	0.04	0.36	200000000	415000	0.000150796			
2	4.24	0.04	0.36	200000000	415000	0.000150796			
2	4.488	0.04	0.36	200000000	415000	0.000150796			
2	4.736	0.04	0.36	200000000	415000	0.000150796			
2	4.984	0.04	0.36	200000000	415000	0.000150796			
2	5.232	0.04	0.36	200000000	415000	0.000150796			
2	5.48	0.04	0.36	200000000	415000	0.000150796			
2	5.728	0.04	0.36	200000000	415000	0.000150796			
2	6.05	0.04	0.36	200000000	415000	0.000150796			
2	6.248	0.04	0.36	200000000	415000	0.000150796			
2	6.496	0.04	0.36	200000000	415000	0.000150796			
2	6.744	0.04	0.36	200000000	415000	0.000150796			
2	6.992	0.04	0.36	200000000	415000	0.000150796			
2	7.24	0.04	0.36	200000000	415000	0.000150796			
2	7.488	0.04	0.36	200000000	415000	0.000150796			
2	7.736	0.04	0.36	200000000	415000	0.000150796			
2	7.984	0.04	0.36	200000000	415000	0.000150796			
2	8.232	0.04	0.36	200000000	415000	0.000150796			
2	8.48	0.04	0.36	200000000	415000	0.000150796			
2	8.728	0.04	0.36	200000000	415000	0.000150796			
2	0.05	4.04	4.36	200000000	415000	0.000251327			
2	0.174	4.04	4.36	200000000	415000	0.000251327			
2	0.348	4.04	4.36	200000000	415000	0.000251327			
2	0.522	4.04	4.36	200000000	415000	0.000251327			
2	0.696	4.04	4.36	200000000	415000	0.000251327			
2	0.87	4.04	4.36	200000000	415000	0.000251327			
2	1.044	4.04	4.36	200000000	415000	0.000251327			
2	1.218	4.04	4.36	200000000	415000	0.000251327			
2	1.392	4.04	4.36	200000000	415000	0.000251327			
2	1.566	4.04	4.36	200000000	415000	0.000251327			
2	1.74	4.04	4.36	200000000	415000	0.000251327			
2	1.914	4.04	4.36	200000000	415000	0.000251327			
2	2.088	4.04	4.36	200000000	415000	0.000251327			
2	2.262	4.04	4.36	200000000	415000	0.000251327			
2	2.436	4.04	4.36	200000000	415000	0.000251327			
2	2.61	4.04	4.36	200000000	415000	0.000251327			
2	2.784	4.04	4.36	200000000	415000	0.000251327			
2	3.05	4.04	4.36	200000000	415000	0.000201062			
2	3.174	4.04	4.36	200000000	415000	0.000201062			
2	3.348	4.04	4.36	200000000	415000	0.000201062			
2	3.522	4.04	4.36	200000000	415000	0.000201062			
2	3.696	4.04	4.36	200000000	415000	0.000201062			
2	3.87	4.04	4.36	200000000	415000	0.000201062			
2	4.044	4.04	4.36	200000000	415000	0.000201062			
2	4.218	4.04	4.36	200000000	415000	0.000201062			
2	4.392	4.04	4.36	200000000	415000	0.000201062			
2	4.566	4.04	4.36	200000000	415000	0.000201062			
2	4.74	4.04	4.36	200000000	415000	0.000201062			
2	4.914	4.04	4.36	200000000	415000	0.000201062			
2	5.088	4.04	4.36	200000000	415000	0.000201062			
2	5.262	4.04	4.36	200000000	415000	0.000201062			
2	5.436	4.04	4.36	200000000	415000	0.000201062			
2	5.61	4.04	4.36	200000000	415000	0.000201062			
2	5.784	4.04	4.36	200000000	415000	0.000201062			
2	6.05	4.04	4.36	200000000	415000	0.000201062			
2	6.174	4.04	4.36	200000000	415000	0.000201062			
2	6.348	4.04	4.36	200000000	415000	0.000201062			
2	6.522	4.04	4.36	200000000	415000	0.000201062			
2	6.696	4.04	4.36	200000000	415000	0.000201062			
2	6.87	4.04	4.36	200000000	415000	0.000201062			
2	7.044	4.04	4.36	200000000	415000	0.000201062			
2	7.218	4.04	4.36	200000000	415000	0.000201062			
2	7.392	4.04	4.36	200000000	415000	0.000201062			
2	7.566	4.04	4.36	200000000	415000	0.000201062			
2	7.74	4.04	4.36	200000000	415000	0.000201062			
2	7.914	4.04	4.36	200000000	415000	0.000201062			
2	8.088	4.04	4.36	200000000	415000	0.000201062			
2	8.262	4.04	4.36	200000000	415000	0.000201062			
2	8.436	4.04	4.36	200000000	415000	0.000201062			
2	8.61	4.04	4.36	200000000	415000	0.000201062			
2	8.784	4.04	4.36	200000000	415000	0.000201062			
2	0.05	8.04	8.36	200000000	415000	0.000251327		!2th col stirrups	
2	0.174	8.04	8.36	200000000	415000	0.000251327			
2	0.348	8.04	8.36	200000000	415000	0.000251327			
2	0.522	8.04	8.36	200000000	415000	0.000251327			
2	0.696	8.04	8.36	200000000	415000	0.000251327			
2	0.87	8.04	8.36	200000000	415000	0.000251327			
2	1.044	8.04	8.36	200000000	415000	0.000251327			
2	1.218	8.04	8.36	200000000	415000	0.000251327			
2	1.392	8.04	8.36	200000000	415000	0.000251327			
2	1.566	8.04	8.36	200000000	415000	0.000251327			
2	1.74	8.04	8.36	200000000	415000	0.000251327			
2	1.914	8.04	8.36	200000000	415000	0.000251327			
2	2.088	8.04	8.36	200000000	415000	0.000251327			
2	2.262	8.04	8.36	200000000	415000	0.000251327			
2	2.436	8.04	8.36	200000000	415000	0.000251327			
2	2.61	8.04	8.36	200000000	415000	0.000251327			
2	2.784	8.04	8.36	200000000	415000	0.000251327			
2	3.05	8.04	8.36	200000000	415000	0.000201062			
2	3.174	8.04	8.36	200000000	415000	0.000201062			
2	3.348	8.04	8.36	200000000	415000	0.000201062			
2	3.522	8.04	8.36	200000000	415000	0.000201062			
2	3.696	8.04	8.36	200000000	415000	0.000201062			
2	3.87	8.04	8.36	200000000	415000	0.000201062			
2	4.044	8.04	8.36	200000000	415000	0.000201062			
2	4.218	8.04	8.36	200000000	415000	0.000201062			
2	4.392	8.04	8.36	200000000	415000	0.000201062			
2	4.566	8.04	8.36	200000000	415000	0.000201062			
2	4.74	8.04	8.36	200000000	415000	0.000201062			
2	4.914	8.04	8.36	200000000	415000	0.000201062			
2	5.088	8.04	8.36	200000000	415000	0.000201062			
2	5.262	8.04	8.36	200000000	415000	0.000201062			
2	5.436	8.04	8.36	200000000	415000	0.000201062			
2	5.61	8.04	8.36	200000000	415000	0.000201062			
2	5.784	8.04	8.36	200000000	415000	0.000201062			
2	6.05	8.04	8.36	200000000	415000	0.000201062			
2	6.174	8.04	8.36	200000000	415000	0.000201062			
2	6.348	8.04	8.36	200000000	415000	0.000201062			
2	6.522	8.04	8.36	200000000	415000	0.000201062			
2	6.696	8.04	8.36	200000000	415000	0.000201062			
2	6.87	8.04	8.36	200000000	415000	0.000201062			
2	7.044	8.04	8.36	200000000	415000	0.000201062			
2	7.218	8.04	8.36	200000000	415000	0.000201062			
2	7.392	8.04	8.36	200000000	415000	0.000201062			
2	7.566	8.04	8.36	200000000	415000	0.000201062			
2	7.74	8.04	8.36	200000000	415000	0.000201062			
2	7.914	8.04	8.36	200000000	415000	0.000201062			
2	8.088	8.04	8.36	200000000	415000	0.000201062			
2	8.262	8.04	8.36	200000000	415000	0.000201062			
2	8.436	8.04	8.36	200000000	415000	0.000201062			
2	8.61	8.04	8.36	200000000	415000	0.000201062			
2	8.784	8.04	8.36	200000000	415000	0.000201062			
2	0.05	12.04	12.36	200000000	415000	0.000201062		! third col stirups	
2	0.174	12.04	12.36	200000000	415000	0.000201062			
2	0.348	12.04	12.36	200000000	415000	0.000201062			
2	0.522	12.04	12.36	200000000	415000	0.000201062			
2	0.696	12.04	12.36	200000000	415000	0.000201062			
2	0.87	12.04	12.36	200000000	415000	0.000201062			
2	1.044	12.04	12.36	200000000	415000	0.000201062			
2	1.218	12.04	12.36	200000000	415000	0.000201062			
2	1.392	12.04	12.36	200000000	415000	0.000201062			
2	1.566	12.04	12.36	200000000	415000	0.000201062			
2	1.74	12.04	12.36	200000000	415000	0.000201062			
2	1.914	12.04	12.36	200000000	415000	0.000201062			
2	2.088	12.04	12.36	200000000	415000	0.000201062			
2	2.262	12.04	12.36	200000000	415000	0.000201062			
2	2.436	12.04	12.36	200000000	415000	0.000201062			
2	2.61	12.04	12.36	200000000	415000	0.000201062			
2	2.784	12.04	12.36	200000000	415000	0.000201062			
2	3.05	12.04	12.36	200000000	415000	0.000150796			
2	3.248	12.04	12.36	200000000	415000	0.000150796			
2	3.496	12.04	12.36	200000000	415000	0.000150796			
2	3.744	12.04	12.36	200000000	415000	0.000150796			
2	3.992	12.04	12.36	200000000	415000	0.000150796			
2	4.24	12.04	12.36	200000000	415000	0.000150796			
2	4.488	12.04	12.36	200000000	415000	0.000150796			
2	4.736	12.04	12.36	200000000	415000	0.000150796			
2	4.984	12.04	12.36	200000000	415000	0.000150796			
2	5.232	12.04	12.36	200000000	415000	0.000150796			
2	5.48	12.04	12.36	200000000	415000	0.000150796			
2	5.728	12.04	12.36	200000000	415000	0.000150796			
2	6.05	12.04	12.36	200000000	415000	0.000150796			
2	6.248	12.04	12.36	200000000	415000	0.000150796			
2	6.496	12.04	12.36	200000000	415000	0.000150796			
2	6.744	12.04	12.36	200000000	415000	0.000150796			
2	6.992	12.04	12.36	200000000	415000	0.000150796			
2	7.24	12.04	12.36	200000000	415000	0.000150796			
2	7.488	12.04	12.36	200000000	415000	0.000150796			
2	7.736	12.04	12.36	200000000	415000	0.000150796			
2	7.984	12.04	12.36	200000000	415000	0.000150796			
2	8.232	12.04	12.36	200000000	415000	0.000150796			
2	8.48	12.04	12.36	200000000	415000	0.000150796			
2	8.728	12.04	12.36	200000000	415000	0.000150796			
2	2.733	0.14	1.1	200000000	415000	0.001570796		1st beam 	
2	2.967	0.14	1.1	200000000	415000	0.002261947			
2	2.733	1.1	2.9	200000000	415000	0.000942478			
2	2.967	1.1	2.9	200000000	415000	0.000904779			
2	2.733	2.9	4	200000000	415000	0.001570796			
2	2.967	2.9	4	200000000	415000	0.002261947			
2	2.733	4.1	5.06	200000000	415000	0.001570796			
2	2.967	4.1	5.06	200000000	415000	0.002261947			
2	2.733	5.06	6.86	200000000	415000	0.000942478			
2	2.967	5.06	6.86	200000000	415000	0.000904779			
2	2.733	6.86	8	200000000	415000	0.001570796			
2	2.967	6.86	8	200000000	415000	0.002261947			
2	2.733	8.1	9.06	200000000	415000	0.001570796			
2	2.967	8.1	9.06	200000000	415000	0.002261947			
2	2.733	9.06	10.86	200000000	415000	0.000942478			
2	2.967	9.06	10.86	200000000	415000	0.000904779			
2	2.733	10.86	12.26	200000000	415000	0.001570796			
2	2.967	10.86	12.26	200000000	415000	0.002261947			
2	5.733	0.14	1.1	200000000	415000	0.001256637			
2	5.967	0.14	1.1	200000000	415000	0.002261947			
2	5.733	1.1	2.9	200000000	415000	0.000942478			
2	5.967	1.1	2.9	200000000	415000	0.000904779			
2	5.733	2.9	4	200000000	415000	0.000942478			
2	5.967	2.9	4	200000000	415000	0.002261947			
2	5.733	4.1	5.06	200000000	415000	0.000942478		1st beam 	
2	5.967	4.1	5.06	200000000	415000	0.002261947			
2	5.733	5.06	6.86	200000000	415000	0.000942478			
2	5.967	5.06	6.86	200000000	415000	0.000904779			
2	5.733	6.86	8	200000000	415000	0.000942478			
2	5.967	6.86	8	200000000	415000	0.002261947			
2	5.733	8.1	9.06	200000000	415000	0.000942478			
2	5.967	8.1	9.06	200000000	415000	0.002261947			
2	5.733	9.06	10.86	200000000	415000	0.000942478			
2	5.967	9.06	10.86	200000000	415000	0.000904779			
2	5.733	10.86	12.26	200000000	415000	0.000942478			
2	5.967	10.86	12.26	200000000	415000	0.002261947			
2	8.733	0.14	1.1	200000000	415000	0.000678584			
2	8.967	0.14	1.1	200000000	415000	0.001256637			
2	8.733	1.1	2.9	200000000	415000	0.000565487			
2	8.967	1.1	2.9	200000000	415000	0.000628319			
2	8.733	2.9	4	200000000	415000	0.000565487			
2	8.967	2.9	4	200000000	415000	0.001256637			
2	8.733	4.1	5.06	200000000	415000	0.000565487			
2	8.967	4.1	5.06	200000000	415000	0.001256637			
2	8.733	5.06	6.86	200000000	415000	0.000452389			
2	8.967	5.06	6.86	200000000	415000	0.000628319			
2	8.733	6.86	8	200000000	415000	0.000565487			
2	8.967	6.86	8	200000000	415000	0.001256637			
2	8.733	8.1	9.06	200000000	415000	0.000565487			
2	8.967	8.1	9.06	200000000	415000	0.001256637			
2	8.733	9.06	10.86	200000000	415000	0.000452389			
2	8.967	9.06	10.86	200000000	415000	0.000628319			
2	8.733	10.86	12.26	200000000	415000	0.000678584			
2	8.967	10.86	12.26	200000000	415000	0.001256637			
1	0.45	2.725	2.975	200000000	415000	0.000100531		4th beam stirrups	
1	0.746	2.725	2.975	200000000	415000	0.000100531			
1	0.894	2.725	2.975	200000000	415000	0.000100531			
1	1.042	2.725	2.975	200000000	415000	0.000100531			
1	1.19	2.725	2.975	200000000	415000	0.000100531			
1	1.338	2.725	2.975	200000000	415000	0.000100531			
1	1.486	2.725	2.975	200000000	415000	0.000100531			
1	1.634	2.725	2.975	200000000	415000	0.000100531			
1	1.782	2.725	2.975	200000000	415000	0.000100531			
1	1.93	2.725	2.975	200000000	415000	0.000100531			
1	2.078	2.725	2.975	200000000	415000	0.000100531			
1	2.226	2.725	2.975	200000000	415000	0.000100531			
1	2.374	2.725	2.975	200000000	415000	0.000100531			
1	2.522	2.725	2.975	200000000	415000	0.000100531			
1	2.67	2.725	2.975	200000000	415000	0.000100531			
1	2.818	2.725	2.975	200000000	415000	0.000100531			
1	2.966	2.725	2.975	200000000	415000	0.000100531			
1	3.114	2.725	2.975	200000000	415000	0.000100531			
1	3.262	2.725	2.975	200000000	415000	0.000100531			
1	3.41	2.725	2.975	200000000	415000	0.000100531			
1	3.558	2.725	2.975	200000000	415000	0.000100531			
1	3.706	2.725	2.975	200000000	415000	0.000100531			
1	3.854	2.725	2.975	200000000	415000	0.000100531			
1	4.002	2.725	2.975	200000000	415000	0.000100531			
1	4.45	2.725	2.975	200000000	415000	0.000100531			
1	4.798	2.725	2.975	200000000	415000	0.000100531			
1	4.972	2.725	2.975	200000000	415000	0.000100531			
1	5.146	2.725	2.975	200000000	415000	0.000100531			
1	5.32	2.725	2.975	200000000	415000	0.000100531			
1	5.494	2.725	2.975	200000000	415000	0.000100531			
1	5.668	2.725	2.975	200000000	415000	0.000100531			
1	5.842	2.725	2.975	200000000	415000	0.000100531			
1	6.016	2.725	2.975	200000000	415000	0.000100531			
1	6.19	2.725	2.975	200000000	415000	0.000100531			
1	6.364	2.725	2.975	200000000	415000	0.000100531			
1	6.538	2.725	2.975	200000000	415000	0.000100531			
1	6.712	2.725	2.975	200000000	415000	0.000100531			
1	6.886	2.725	2.975	200000000	415000	0.000100531			
1	7.06	2.725	2.975	200000000	415000	0.000100531			
1	7.234	2.725	2.975	200000000	415000	0.000100531			
1	7.408	2.725	2.975	200000000	415000	0.000100531			
1	7.582	2.725	2.975	200000000	415000	0.000100531			
1	7.756	2.725	2.975	200000000	415000	0.000100531			
1	7.93	2.725	2.975	200000000	415000	0.000100531			
1	8.45	2.725	2.975	200000000	415000	0.000100531			
1	8.746	2.725	2.975	200000000	415000	0.000100531			
1	8.894	2.725	2.975	200000000	415000	0.000100531			
1	9.042	2.725	2.975	200000000	415000	0.000100531			
1	9.19	2.725	2.975	200000000	415000	0.000100531			
1	9.338	2.725	2.975	200000000	415000	0.000100531			
1	9.486	2.725	2.975	200000000	415000	0.000100531			
1	9.634	2.725	2.975	200000000	415000	0.000100531			
1	9.782	2.725	2.975	200000000	415000	0.000100531			
1	9.93	2.725	2.975	200000000	415000	0.000100531			
1	10.078	2.725	2.975	200000000	415000	0.000100531			
1	10.226	2.725	2.975	200000000	415000	0.000100531			
1	10.374	2.725	2.975	200000000	415000	0.000100531			
1	10.522	2.725	2.975	200000000	415000	0.000100531			
1	10.67	2.725	2.975	200000000	415000	0.000100531			
1	10.818	2.725	2.975	200000000	415000	0.000100531			
1	10.966	2.725	2.975	200000000	415000	0.000100531			
1	11.114	2.725	2.975	200000000	415000	0.000100531			
1	11.262	2.725	2.975	200000000	415000	0.000100531			
1	11.41	2.725	2.975	200000000	415000	0.000100531			
1	11.558	2.725	2.975	200000000	415000	0.000100531			
1	11.706	2.725	2.975	200000000	415000	0.000100531			
1	11.854	2.725	2.975	200000000	415000	0.000100531			
1	12.002	2.725	2.975	200000000	415000	0.000100531			
1	0.45	5.725	5.975	200000000	415000	0.000100531		!2nd flr stirrup	
1	0.798	5.725	5.975	200000000	415000	0.000100531			
1	0.972	5.725	5.975	200000000	415000	0.000100531			
1	1.146	5.725	5.975	200000000	415000	0.000100531			
1	1.32	5.725	5.975	200000000	415000	0.000100531			
1	1.494	5.725	5.975	200000000	415000	0.000100531			
1	1.668	5.725	5.975	200000000	415000	0.000100531			
1	1.842	5.725	5.975	200000000	415000	0.000100531			
1	2.016	5.725	5.975	200000000	415000	0.000100531			
1	2.19	5.725	5.975	200000000	415000	0.000100531			
1	2.364	5.725	5.975	200000000	415000	0.000100531			
1	2.538	5.725	5.975	200000000	415000	0.000100531			
1	2.712	5.725	5.975	200000000	415000	0.000100531			
1	2.886	5.725	5.975	200000000	415000	0.000100531			
1	3.06	5.725	5.975	200000000	415000	0.000100531			
1	3.234	5.725	5.975	200000000	415000	0.000100531			
1	3.408	5.725	5.975	200000000	415000	0.000100531			
1	3.582	5.725	5.975	200000000	415000	0.000100531			
1	3.756	5.725	5.975	200000000	415000	0.000100531			
1	3.93	5.725	5.975	200000000	415000	0.000100531			
1	4.45	5.725	5.975	200000000	415000	0.000100531			
1	4.798	5.725	5.975	200000000	415000	0.000100531			
1	4.972	5.725	5.975	200000000	415000	0.000100531			
1	5.146	5.725	5.975	200000000	415000	0.000100531			
1	5.32	5.725	5.975	200000000	415000	0.000100531			
1	5.494	5.725	5.975	200000000	415000	0.000100531			
1	5.668	5.725	5.975	200000000	415000	0.000100531			
1	5.842	5.725	5.975	200000000	415000	0.000100531			
1	6.016	5.725	5.975	200000000	415000	0.000100531			
1	6.19	5.725	5.975	200000000	415000	0.000100531			
1	6.364	5.725	5.975	200000000	415000	0.000100531			
1	6.538	5.725	5.975	200000000	415000	0.000100531			
1	6.712	5.725	5.975	200000000	415000	0.000100531			
1	6.886	5.725	5.975	200000000	415000	0.000100531			
1	7.06	5.725	5.975	200000000	415000	0.000100531			
1	7.234	5.725	5.975	200000000	415000	0.000100531			
1	7.408	5.725	5.975	200000000	415000	0.000100531			
1	7.582	5.725	5.975	200000000	415000	0.000100531			
1	7.756	5.725	5.975	200000000	415000	0.000100531			
1	7.93	5.725	5.975	200000000	415000	0.000100531			
1	8.45	5.725	5.975	200000000	415000	0.000100531			
1	8.798	5.725	5.975	200000000	415000	0.000100531			
1	8.972	5.725	5.975	200000000	415000	0.000100531			
1	9.146	5.725	5.975	200000000	415000	0.000100531			
1	9.32	5.725	5.975	200000000	415000	0.000100531			
1	9.494	5.725	5.975	200000000	415000	0.000100531			
1	9.668	5.725	5.975	200000000	415000	0.000100531			
1	9.842	5.725	5.975	200000000	415000	0.000100531			
1	10.016	5.725	5.975	200000000	415000	0.000100531			
1	10.19	5.725	5.975	200000000	415000	0.000100531			
1	10.364	5.725	5.975	200000000	415000	0.000100531			
1	10.538	5.725	5.975	200000000	415000	0.000100531			
1	10.712	5.725	5.975	200000000	415000	0.000100531			
1	10.886	5.725	5.975	200000000	415000	0.000100531			
1	11.06	5.725	5.975	200000000	415000	0.000100531			
1	11.234	5.725	5.975	200000000	415000	0.000100531			
1	11.408	5.725	5.975	200000000	415000	0.000100531			
1	11.582	5.725	5.975	200000000	415000	0.000100531			
1	11.756	5.725	5.975	200000000	415000	0.000100531			
1	11.93	5.725	5.975	200000000	415000	0.000100531		!3rd flr beam stirrups	
1	0.45	8.725	8.975	200000000	415000	0.000100531			
1	0.846	8.725	8.975	200000000	415000	0.000100531			
1	1.044	8.725	8.975	200000000	415000	0.000100531			
1	1.242	8.725	8.975	200000000	415000	0.000100531			
1	1.44	8.725	8.975	200000000	415000	0.000100531			
1	1.638	8.725	8.975	200000000	415000	0.000100531			
1	1.836	8.725	8.975	200000000	415000	0.000100531			
1	2.034	8.725	8.975	200000000	415000	0.000100531			
1	2.232	8.725	8.975	200000000	415000	0.000100531			
1	2.43	8.725	8.975	200000000	415000	0.000100531			
1	2.628	8.725	8.975	200000000	415000	0.000100531			
1	2.826	8.725	8.975	200000000	415000	0.000100531			
1	3.024	8.725	8.975	200000000	415000	0.000100531			
1	3.222	8.725	8.975	200000000	415000	0.000100531			
1	3.42	8.725	8.975	200000000	415000	0.000100531			
1	3.618	8.725	8.975	200000000	415000	0.000100531			
1	3.816	8.725	8.975	200000000	415000	0.000100531			
1	4.014	8.725	8.975	200000000	415000	0.000100531			
1	4.45	8.725	8.975	200000000	415000	0.000100531			
1	4.846	8.725	8.975	200000000	415000	0.000100531			
1	5.044	8.725	8.975	200000000	415000	0.000100531			
1	5.242	8.725	8.975	200000000	415000	0.000100531			
1	5.44	8.725	8.975	200000000	415000	0.000100531			
1	5.638	8.725	8.975	200000000	415000	0.000100531			
1	5.836	8.725	8.975	200000000	415000	0.000100531			
1	6.034	8.725	8.975	200000000	415000	0.000100531			
1	6.232	8.725	8.975	200000000	415000	0.000100531			
1	6.43	8.725	8.975	200000000	415000	0.000100531			
1	6.628	8.725	8.975	200000000	415000	0.000100531			
1	6.826	8.725	8.975	200000000	415000	0.000100531			
1	7.024	8.725	8.975	200000000	415000	0.000100531			
1	7.222	8.725	8.975	200000000	415000	0.000100531			
1	7.42	8.725	8.975	200000000	415000	0.000100531			
1	7.618	8.725	8.975	200000000	415000	0.000100531			
1	7.816	8.725	8.975	200000000	415000	0.000100531			
1	8.014	8.725	8.975	200000000	415000	0.000100531			
1	8.45	8.725	8.975	200000000	415000	0.000100531			
1	8.846	8.725	8.975	200000000	415000	0.000100531			
1	9.044	8.725	8.975	200000000	415000	0.000100531			
1	9.242	8.725	8.975	200000000	415000	0.000100531			
1	9.44	8.725	8.975	200000000	415000	0.000100531			
1	9.638	8.725	8.975	200000000	415000	0.000100531			
1	9.836	8.725	8.975	200000000	415000	0.000100531			
1	10.034	8.725	8.975	200000000	415000	0.000100531			
1	10.232	8.725	8.975	200000000	415000	0.000100531			
1	10.43	8.725	8.975	200000000	415000	0.000100531			
1	10.628	8.725	8.975	200000000	415000	0.000100531			
1	10.826	8.725	8.975	200000000	415000	0.000100531			
1	11.024	8.725	8.975	200000000	415000	0.000100531			
1	11.222	8.725	8.975	200000000	415000	0.000100531			
1	11.42	8.725	8.975	200000000	415000	0.000100531			
1	11.618	8.725	8.975	200000000	415000	0.000100531			
1	11.816	8.725	8.975	200000000	415000	0.000100531			
1	12.014	8.725	8.975	200000000	415000	0.000100531			
end of statement									
									
									
									
